0 0.965625 0.4375000000000001 5.357829746269671e-17 0.4375 8.802148868871601e-17 1 0.965625 1
0 0.6578125 0.1859375000000001 0.5734375 0.1859375000000001 0.5734375 0.27031250000000007 0.6578125 0.27031250000000007
0 0.68125 0.09531250000000008 0.5984375 0.09531250000000006 0.5984375 0.1828125000000001 0.68125 0.1828125000000001
0 0.240625 0.07031250000000003 0.159375 0.07031250000000003 0.159375 0.15625000000000003 0.240625 0.15625000000000006
0 0.703125 0.018750000000000083 0.6203125 0.01875000000000008 0.6203125 0.10000000000000009 0.703125 0.10000000000000009
0 0.221875 0.15625000000000003 0.1359375 0.15625 0.13593750000000002 0.246875 0.221875 0.246875
0 0.5609375 6.38155792993191e-17 0.48125 5.893612720896637e-17 0.48125 0.06250000000000007 0.5609375 0.06250000000000007
0 0.2640625 2.7267526387265288e-17 0.18125 2.2196723234545777e-17 0.18125 0.07187500000000002 0.2640625 0.07187500000000002
0 0.5453125 0.06250000000000007 0.4609375 0.06250000000000007 0.4609375 0.15000000000000008 0.5453125 0.15000000000000008
0 0.403125 0.026562500000000044 0.31875 0.026562500000000044 0.31875 0.11406250000000004 0.403125 0.11406250000000004
0 0.425 4.6976685811042996e-17 0.3421875 4.190588265832349e-17 0.3421875 0.02812500000000005 0.425 0.028125000000000056
0 0.3828125 0.11093750000000005 0.296875 0.11093750000000005 0.296875 0.19218750000000004 0.3828125 0.19218750000000004