0 0.3531250000000001 0.975 0.3234375000000001 0.975 0.3234375000000001 1 0.3531250000000001 1
0 0.5109375000000002 0.9515625 0.4828125000000002 0.9515625 0.4828125000000002 0.9796875 0.5109375000000002 0.9796875
0 0.38750000000000007 0.9671875 0.3593750000000001 0.9671875 0.3593750000000001 1 0.38750000000000007 1
0 0.4515625000000002 0.9609375 0.42187500000000017 0.9609375 0.42187500000000017 0.990625 0.4515625000000002 0.990625
0 0.2921875000000001 0.9859375 0.2640625000000001 0.9859375 0.2640625000000001 1 0.2921875000000001 1
0 0.03906250000000002 0.1671875 0.01093750000000002 0.1671875 0.010937500000000022 0.1953125 0.03906250000000002 0.1953125
0 0.09531250000000002 0.1546875 0.06875000000000002 0.1546875 0.06875000000000002 0.1796875 0.09531250000000002 0.1796875
0 0.159375 0.146875 0.134375 0.146875 0.134375 0.1703125 0.159375 0.1703125
0 0.1859375 0.10468750000000002 0.1578125 0.1046875 0.1578125 0.13593750000000002 0.1859375 0.13593750000000004
0 0.3140625 0.09375000000000004 0.284375 0.09375000000000004 0.284375 0.11718750000000004 0.3140625 0.11718750000000004
0 0.371875 0.07812500000000004 0.34375 0.07812500000000004 0.34375 0.10625000000000004 0.371875 0.10625000000000004
0 0.4671875 0.2875000000000001 0.44375 0.2875000000000001 0.44375 0.3187500000000001 0.4671875 0.3187500000000001
0 0.878125 0.2531250000000001 0.846875 0.2531250000000001 0.846875 0.28593750000000007 0.878125 0.28593750000000007
0 0.80625 0.4515625000000002 0.7796875 0.4515625000000002 0.7796875 0.4828125000000002 0.80625 0.4828125000000002
0 0.6671875 0.51875 0.634375 0.51875 0.634375 0.546875 0.6671875 0.546875
0 0.603125 0.5203125 0.575 0.5203125 0.575 0.5484375 0.603125 0.5484375
0 0.5015625 0.3437500000000001 0.4828125 0.3437500000000001 0.4828125 0.3734375000000001 0.5015625 0.3734375000000001
0 0.1921875000000001 0.5859375 0.1687500000000001 0.5859375 0.1687500000000001 0.6171875 0.1921875000000001 0.6171875
0 0.045312500000000075 0.6421875 0.020312500000000077 0.6421875 0.02031250000000008 0.6703125 0.045312500000000075 0.6703125