0 0.37031250000000004 0.29375000000000007 0.3265625 0.29375 0.32656250000000003 0.540625 0.3703125000000001 0.540625
0 0.20468750000000005 0.340625 0.14531250000000004 0.340625 0.14531250000000007 0.6234375 0.20468750000000008 0.6234375
0 0.6171875 0.3500000000000001 0.575 0.3500000000000001 0.575 0.6359375 0.6171875 0.6359375
0 0.4796875 0.26250000000000007 0.4625 0.26250000000000007 0.4625 0.3625000000000001 0.4796875 0.3625000000000001
0 0.49375 0.27031250000000007 0.4796875 0.27031250000000007 0.4796875 0.3687500000000001 0.49375 0.3687500000000001
0 0.5921875 0.2734375000000001 0.5734375 0.2734375000000001 0.5734375 0.3578125000000001 0.5921875 0.3578125000000001
0 0.6046875 0.2843750000000001 0.5875 0.2843750000000001 0.5875 0.34062500000000007 0.6046875 0.34062500000000007
0 0.66875 0.2843750000000001 0.6375 0.2843750000000001 0.6375 0.3703125000000001 0.66875 0.3703125000000001
0 0.703125 0.2734375000000001 0.6765625 0.2734375000000001 0.6765625 0.3921875000000001 0.703125 0.3921875000000001
0 0.771875 0.2828125000000001 0.7515625 0.2828125000000001 0.7515625 0.3593750000000001 0.771875 0.3593750000000001
0 0.80625 0.2796875000000001 0.784375 0.2796875000000001 0.784375 0.3656250000000001 0.80625 0.3656250000000001