0 0.37187500000000007 0.39062500000000006 0.3125000000000001 0.390625 0.3125000000000001 0.6078125 0.37187500000000007 0.6078125
0 0.3281250000000001 0.396875 0.27812500000000007 0.396875 0.27812500000000007 0.61875 0.3281250000000001 0.61875
0 0.07187500000000006 0.4171875 0.0015625000000000513 0.4171875 0.001562500000000075 0.8046875 0.07187500000000009 0.8046875
0 0.13906250000000006 0.4 0.08281250000000004 0.4 0.08281250000000005 0.603125 0.1390625000000001 0.603125
0 0.09687500000000006 0.403125 0.057812500000000044 0.403125 0.05781250000000006 0.5984375 0.09687500000000007 0.5984375
0 0.7640625 0.3984375000000001 0.734375 0.3984375000000001 0.734375 0.6203125000000002 0.7640625 0.6203125000000002
0 0.7859375 0.42500000000000016 0.746875 0.42500000000000016 0.746875 0.6765625000000002 0.7859375 0.6765625000000002
0 0.796875 0.3937500000000001 0.76875 0.3937500000000001 0.76875 0.6281250000000002 0.796875 0.6281250000000002
0 0.81875 0.39531250000000007 0.7875 0.39531250000000007 0.7875 0.6453125000000002 0.81875 0.6453125000000002
0 0.846875 0.3984375000000001 0.8125 0.3984375000000001 0.8125 0.6375000000000002 0.846875 0.6375000000000002
0 0.540625 0.4375 0.515625 0.4375 0.515625 0.50625 0.540625 0.50625
0 0.48125 0.4375 0.4578125 0.4375 0.4578125 0.5015625 0.48125 0.5015625
0 0.6421875 0.428125 0.621875 0.428125 0.621875 0.4796875 0.6421875 0.4796875