0 0.73125 0.38750000000000007 0.70625 0.38750000000000007 0.70625 0.5046875000000001 0.73125 0.5046875000000002
0 0.8546875 0.3390625000000001 0.821875 0.3390625000000001 0.821875 0.4625000000000002 0.8546875 0.4625000000000002
0 0.9171875 0.4593750000000002 0.8703125 0.4593750000000002 0.8703125 0.5718750000000001 0.9171875 0.5718750000000001
0 0.86875 0.6671875000000002 0.834375 0.6671875000000002 0.834375 0.7609375000000002 0.86875 0.7609375000000002
0 0.8546875 0.7187500000000002 0.8171875 0.7187500000000002 0.8171875 0.7656250000000002 0.8546875 0.7656250000000002
0 0.19375000000000003 0.35 0.16562500000000005 0.35 0.16562500000000005 0.4484375 0.19375000000000003 0.4484375
0 0.20156250000000003 0.3515625 0.17968750000000006 0.3515625 0.17968750000000006 0.4515625 0.2015625000000001 0.4515625
0 0.20781250000000004 0.3546875 0.19062500000000004 0.3546875 0.19062500000000004 0.4421875 0.2078125000000001 0.4421875
0 0.22031250000000005 0.3484375 0.2 0.3484375 0.20000000000000004 0.44375 0.22031250000000008 0.44375
0 0.27031250000000007 0.3359375 0.2515625 0.3359375 0.2515625 0.4 0.27031250000000007 0.4
0 0.29375000000000007 0.353125 0.271875 0.353125 0.27187500000000003 0.43125 0.29375000000000007 0.43125
0 0.30312500000000003 0.3484375 0.284375 0.3484375 0.28437500000000004 0.4328125 0.3031250000000001 0.4328125
0 0.31250000000000006 0.3453125 0.2984375 0.3453125 0.2984375 0.4234375 0.3125000000000001 0.4234375
0 0.33125000000000004 0.35 0.3125 0.35 0.31250000000000006 0.4359375 0.3312500000000001 0.4359375
0 0.38750000000000007 0.3421875000000001 0.3703125 0.3421875000000001 0.37031250000000004 0.4375 0.38750000000000007 0.4375
0 0.3921875 0.34843750000000007 0.3828125 0.34843750000000007 0.38281250000000006 0.425 0.3921875000000001 0.425
0 0.4078125 0.3437500000000001 0.390625 0.3437500000000001 0.39062500000000006 0.4140625 0.4078125 0.4140625