0 0.3421875 0.03750000000000004 0.2734375 0.03750000000000003 0.2734375 0.26875 0.3421875 0.26875
0 0.778125 0.3390625000000001 0.74375 0.3390625000000001 0.74375 0.49531250000000016 0.778125 0.49531250000000016
0 0.71875 0.2953125000000001 0.6984375 0.2953125000000001 0.6984375 0.3734375000000001 0.71875 0.3734375000000001
0 0.6375 0.2953125000000001 0.6171875 0.2953125000000001 0.6171875 0.3703125000000001 0.6375 0.3703125000000001
0 0.609375 0.3000000000000001 0.59375 0.3000000000000001 0.59375 0.3515625000000001 0.609375 0.3515625000000001
0 0.565625 0.29375000000000007 0.55 0.29375000000000007 0.55 0.3656250000000001 0.565625 0.3656250000000001
0 0.55 0.29375000000000007 0.5296875 0.29375000000000007 0.5296875 0.3703125000000001 0.55 0.3703125000000001
0 0.48125 0.2875000000000001 0.4640625 0.2875000000000001 0.4640625 0.37187500000000007 0.48125 0.37187500000000007
0 0.4328125 0.3468750000000001 0.3921875 0.3468750000000001 0.3921875 0.4765625 0.4328125 0.4765625
0 0.4 0.32031250000000006 0.3609375 0.3203125 0.3609375 0.46875 0.4 0.46875
0 0.37343750000000003 0.321875 0.321875 0.321875 0.321875 0.4703125 0.3734375000000001 0.4703125