0 0.10937500000000008 0.603125 0.025000000000000078 0.603125 0.025000000000000085 0.7078125 0.10937500000000008 0.7078125
0 0.6359375 0.603125 0.6109375 0.603125 0.6109375000000001 0.7796875 0.6359375000000002 0.7796875
0 0.6812500000000001 0.659375 0.6421875 0.659375 0.6421875000000001 0.8421875 0.6812500000000001 0.8421875
0 0.7703125000000001 0.6484375000000002 0.734375 0.6484375000000002 0.7343750000000001 0.7546875000000002 0.7703125000000002 0.7546875000000002
0 0.7921875 0.6984375000000002 0.7484375 0.6984375000000002 0.7484375000000001 0.8890625 0.7921875000000002 0.8890625
0 0.8 0.6171875000000002 0.765625 0.6171875000000002 0.765625 0.7015625000000002 0.8 0.7015625000000002
0 0.8046875 0.3046875000000001 0.7734375 0.3046875000000001 0.7734375 0.3984375000000001 0.8046875 0.3984375000000001
0 0.80625 0.3750000000000001 0.7765625 0.3750000000000001 0.7765625 0.4828125000000002 0.80625 0.4828125000000002
0 0.840625 0.37968750000000007 0.815625 0.37968750000000007 0.815625 0.4937500000000002 0.840625 0.4937500000000002
0 0.5171875 0.3984375000000001 0.5 0.3984375000000001 0.5 0.459375 0.5171875 0.459375
0 0.46875 0.3984375000000001 0.45 0.3984375000000001 0.45 0.46875 0.46875 0.46875
0 0.459375 0.40625 0.440625 0.40625 0.440625 0.4671875 0.459375 0.4671875
0 0.4484375 0.4109375 0.434375 0.4109375 0.434375 0.4375 0.4484375 0.4375
0 0.5359375 0.3750000000000001 0.51875 0.3750000000000001 0.51875 0.415625 0.5359375 0.415625
0 0.5421875 0.409375 0.5234375 0.409375 0.5234375 0.46875 0.5421875 0.46875
0 0.578125 0.3937500000000001 0.559375 0.3937500000000001 0.559375 0.4375 0.578125 0.4375
0 0.5921875 0.409375 0.571875 0.409375 0.571875 0.465625 0.5921875 0.465625
0 0.59375 0.3937500000000001 0.584375 0.3937500000000001 0.584375 0.459375 0.59375 0.459375
0 0.6015625 0.3843750000000001 0.5875 0.3843750000000001 0.5875 0.440625 0.6015625 0.440625