0 0.29687500000000006 0.284375 0.17812500000000003 0.284375 0.17812500000000006 0.6921875 0.2968750000000001 0.6921875
0 0.565625 0.2687500000000001 0.4578125 0.2687500000000001 0.4578125 0.5296875 0.565625 0.5296875
0 0.6515625 0.2171875000000001 0.55 0.2171875000000001 0.55 0.5859375 0.6515625 0.5859375
0 0.80625 0.2593750000000001 0.7328125 0.2593750000000001 0.7328125 0.5781250000000002 0.80625 0.5781250000000002
0 0.446875 0.12656250000000005 0.425 0.12656250000000005 0.425 0.2218750000000001 0.446875 0.2218750000000001
0 0.3453125 0.11406250000000004 0.3171875 0.11406250000000004 0.3171875 0.2140625 0.3453125 0.2140625
0 0.3328125 0.11250000000000004 0.2984375 0.11250000000000004 0.2984375 0.246875 0.3328125 0.246875
0 0.546875 0.11718750000000007 0.5203125 0.11718750000000004 0.5203125 0.21250000000000008 0.546875 0.21250000000000008
0 0.565625 0.12031250000000007 0.5296875 0.12031250000000004 0.5296875 0.2156250000000001 0.565625 0.2156250000000001
0 0.6484375 0.12343750000000009 0.6203125 0.12343750000000009 0.6203125 0.2234375000000001 0.6484375 0.2234375000000001
0 0.684375 0.10312500000000009 0.6578125 0.10312500000000009 0.6578125 0.1937500000000001 0.684375 0.1937500000000001