0 0.5625 0.3453125000000001 0.51875 0.3453125000000001 0.51875 0.465625 0.5625 0.465625
0 0.6296875 0.3500000000000001 0.5921875 0.3500000000000001 0.5921875 0.4328125 0.6296875 0.4328125
0 0.6015625 0.30156250000000007 0.590625 0.30156250000000007 0.590625 0.36406250000000007 0.6015625 0.36406250000000007
0 0.6125 0.3109375000000001 0.6015625 0.3109375000000001 0.6015625 0.35625000000000007 0.6125 0.35625000000000007
0 0.6765625 0.3062500000000001 0.6640625 0.3062500000000001 0.6640625 0.37187500000000007 0.6765625 0.37187500000000007
0 0.6859375 0.3078125000000001 0.6734375 0.3078125000000001 0.6734375 0.3687500000000001 0.6859375 0.3687500000000001
0 0.4765625 0.30156250000000007 0.459375 0.30156250000000007 0.459375 0.3687500000000001 0.4765625 0.3687500000000001
0 0.528125 0.3078125000000001 0.515625 0.3078125000000001 0.515625 0.3703125000000001 0.528125 0.3703125000000001
0 0.5359375 0.3156250000000001 0.528125 0.3156250000000001 0.528125 0.3609375000000001 0.5359375 0.3609375000000001
0 0.55 0.3062500000000001 0.534375 0.3062500000000001 0.534375 0.3578125000000001 0.55 0.3578125000000001
0 0.30000000000000004 0.31875 0.2609375 0.31875 0.26093750000000004 0.4578125 0.3000000000000001 0.4578125
0 0.31562500000000004 0.3484375 0.2984375 0.3484375 0.2984375 0.4328125 0.3156250000000001 0.4328125
0 0.32656250000000003 0.3203125 0.3109375 0.3203125 0.31093750000000003 0.36875 0.3265625000000001 0.36875
0 0.34218750000000003 0.33125 0.325 0.33125 0.32500000000000007 0.4265625 0.3421875000000001 0.4265625
0 0.384375 0.33906250000000004 0.359375 0.3390625 0.35937500000000006 0.384375 0.3843750000000001 0.3843750000000001