0 0.521875 0.3265625000000001 0.49375 0.3265625000000001 0.49375 0.4484375 0.521875 0.4484375
0 0.4265625 0.3312500000000001 0.3828125 0.3312500000000001 0.38281250000000006 0.4140625 0.4265625 0.4140625
0 0.38281250000000006 0.3609375 0.359375 0.3609375 0.35937500000000006 0.4171875 0.3828125000000001 0.4171875
0 0.35937500000000006 0.33125 0.321875 0.33125 0.321875 0.453125 0.3593750000000001 0.453125
0 0.321875 0.3375 0.2921875 0.3375 0.29218750000000004 0.446875 0.3218750000000001 0.446875
0 0.29687500000000006 0.3109375 0.275 0.3109375 0.275 0.3765625 0.2968750000000001 0.3765625
0 0.29687500000000006 0.315625 0.2484375 0.315625 0.24843750000000003 0.4390625 0.2968750000000001 0.4390625
0 0.409375 0.2890625000000001 0.396875 0.2890625000000001 0.396875 0.3546875000000001 0.409375 0.3546875000000001
0 0.4671875 0.28593750000000007 0.45625 0.28593750000000007 0.45625 0.3609375000000001 0.4671875 0.3609375000000001
0 0.4796875 0.2984375000000001 0.465625 0.2984375000000001 0.465625 0.3437500000000001 0.4796875 0.3437500000000001
0 0.4875 0.2921875000000001 0.471875 0.2921875000000001 0.471875 0.3500000000000001 0.4875 0.3500000000000001
0 0.5390625 0.2906250000000001 0.525 0.2906250000000001 0.525 0.3625000000000001 0.5390625 0.3625000000000001
0 0.5484375 0.2921875000000001 0.534375 0.2921875000000001 0.534375 0.3578125000000001 0.5484375 0.3578125000000001
0 0.6125 0.2890625000000001 0.596875 0.2890625000000001 0.596875 0.3546875000000001 0.6125 0.3546875000000001
0 0.621875 0.2875000000000001 0.60625 0.2875000000000001 0.60625 0.3515625000000001 0.621875 0.3515625000000001
0 0.7875 0.3078125000000001 0.7671875 0.3078125000000001 0.7671875 0.4000000000000002 0.7875 0.4000000000000002