0 0.6656250000000001 0.6078125 0.6078125 0.6078125 0.6078125000000001 0.8359375 0.6656250000000001 0.8359375
0 0.55 0.6953125 0.4828125 0.6953125 0.4828125000000001 0.9953125 0.5500000000000002 0.9953125
0 0.29375000000000007 0.753125 0.21250000000000008 0.753125 0.21250000000000008 0.9875 0.29375000000000007 0.9875
0 0.28437500000000004 0.3296875 0.2625 0.3296875 0.26250000000000007 0.428125 0.2843750000000001 0.428125
0 0.25312500000000004 0.3140625 0.2328125 0.3140625 0.23281250000000003 0.371875 0.2531250000000001 0.371875
0 0.39687500000000003 0.3218750000000001 0.365625 0.3218750000000001 0.36562500000000003 0.41875 0.3968750000000001 0.41875
0 0.4296875 0.30937500000000007 0.40625 0.30937500000000007 0.40625 0.3843750000000001 0.4296875 0.3843750000000001
0 0.4875 0.3421875000000001 0.4671875 0.3421875000000001 0.4671875 0.4203125 0.4875 0.4203125
0 0.4984375 0.34062500000000007 0.4765625 0.34062500000000007 0.4765625 0.403125 0.4984375 0.403125
0 0.5171875 0.33281250000000007 0.4921875 0.33281250000000007 0.4921875 0.4 0.5171875 0.4
0 0.17812500000000003 0.34375 0.14843750000000006 0.34375 0.14843750000000006 0.44375 0.17812500000000003 0.44375
0 0.15468750000000003 0.34375 0.12812500000000004 0.34375 0.12812500000000004 0.446875 0.15468750000000003 0.446875