0 0.6859375 0.3343750000000001 0.6390625 0.3343750000000001 0.6390625 0.478125 0.6859375 0.478125
0 0.590625 0.29375000000000007 0.575 0.29375000000000007 0.575 0.3812500000000001 0.590625 0.3812500000000001
0 0.575 0.3031250000000001 0.559375 0.3031250000000001 0.559375 0.3515625000000001 0.575 0.3515625000000001
0 0.64375 0.30937500000000007 0.63125 0.30937500000000007 0.63125 0.3500000000000001 0.64375 0.3500000000000001
0 0.671875 0.2890625000000001 0.65625 0.2890625000000001 0.65625 0.3593750000000001 0.671875 0.3593750000000001
0 0.528125 0.2515625000000001 0.5078125 0.2515625000000001 0.5078125 0.29375000000000007 0.528125 0.29375000000000007
0 0.5078125 0.2906250000000001 0.4859375 0.2906250000000001 0.4859375 0.3734375000000001 0.5078125 0.3734375000000001
0 0.525 0.3000000000000001 0.5078125 0.3000000000000001 0.5078125 0.3687500000000001 0.525 0.3687500000000001
0 0.4453125 0.29375000000000007 0.4203125 0.29375000000000007 0.4203125 0.3609375000000001 0.4453125 0.3609375000000001
0 0.3375 0.346875 0.296875 0.346875 0.29687500000000006 0.4703125 0.3375000000000001 0.4703125
0 0.29375000000000007 0.309375 0.246875 0.309375 0.24687500000000004 0.453125 0.29375000000000007 0.453125
0 0.11406250000000007 0.3328125 0.04687500000000004 0.3328125 0.046875000000000056 0.559375 0.1140625000000001 0.559375