0 0.671875 0.3031250000000001 0.6203125 0.3031250000000001 0.6203125 0.428125 0.671875 0.428125
0 0.6125 0.29375000000000007 0.5703125 0.29375000000000007 0.5703125 0.4203125 0.6125 0.4203125
0 0.10000000000000005 0.284375 0.07031250000000004 0.284375 0.07031250000000004 0.38125 0.10000000000000005 0.38125
0 0.11250000000000004 0.2859375 0.09531250000000005 0.2859375 0.09531250000000005 0.3734375 0.11250000000000004 0.3734375
0 0.11875000000000005 0.284375 0.10468750000000004 0.284375 0.10468750000000004 0.375 0.11875000000000005 0.375
0 0.14062500000000006 0.278125 0.11093750000000005 0.278125 0.11093750000000005 0.36875 0.14062500000000006 0.36875
0 0.21250000000000005 0.2765625 0.18750000000000006 0.2765625 0.18750000000000006 0.365625 0.21250000000000008 0.365625
0 0.22031250000000005 0.278125 0.2 0.278125 0.20000000000000004 0.371875 0.22031250000000008 0.371875
0 0.2328125 0.2859375 0.2140625 0.2859375 0.2140625 0.3609375 0.2328125 0.3609375
0 0.2921875 0.284375 0.26875 0.284375 0.26875 0.346875 0.2921875 0.346875
0 0.578125 0.6296875 0.54375 0.6296875 0.54375 0.68125 0.578125 0.68125
0 0.68125 0.5484375 0.653125 0.5484375 0.653125 0.6234375 0.68125 0.6234375
0 0.7515625 0.5171875000000001 0.70625 0.5171875 0.70625 0.6484375000000001 0.7515625 0.6484375000000002
0 0.6984375 0.6203125 0.64375 0.6203125 0.64375 0.6875 0.6984375 0.6875