0 0.4734375 0.3984375000000001 0.425 0.3984375000000001 0.425 0.571875 0.4734375 0.571875
0 0.521875 0.434375 0.4875 0.434375 0.4875 0.546875 0.521875 0.546875
0 0.621875 0.3593750000000001 0.596875 0.3593750000000001 0.596875 0.44375 0.621875 0.44375
0 0.3453125 0.2515625 0.3015625 0.2515625 0.30156250000000007 0.3796875 0.3453125000000001 0.3796875
0 0.36718750000000006 0.35000000000000003 0.3515625 0.35 0.35156250000000006 0.415625 0.3671875000000001 0.415625
0 0.43125 0.3500000000000001 0.4140625 0.3500000000000001 0.4140625 0.4203125 0.43125 0.4203125
0 0.4484375 0.3515625000000001 0.4328125 0.3515625000000001 0.4328125 0.4203125 0.4484375 0.4203125
0 0.490625 0.3625000000000001 0.4734375 0.3625000000000001 0.4734375 0.421875 0.490625 0.421875
0 0.5 0.3578125000000001 0.4890625 0.3578125000000001 0.4890625 0.4140625 0.5 0.4140625
0 0.5125 0.3671875000000001 0.5 0.3671875000000001 0.5 0.4140625 0.5125 0.4140625
0 0.5171875 0.3609375000000001 0.50625 0.3609375000000001 0.50625 0.4140625 0.5171875 0.4140625