0 0.546875 0.3421875000000001 0.5046875 0.3421875000000001 0.5046875 0.4734375 0.546875 0.4734375
0 0.696875 0.3390625000000001 0.6703125 0.3390625000000001 0.6703125 0.4703125 0.696875 0.4703125
0 0.434375 0.3421875000000001 0.3953125 0.3421875000000001 0.39531250000000007 0.446875 0.434375 0.446875
0 0.37031250000000004 0.31718750000000007 0.346875 0.3171875 0.34687500000000004 0.4203125 0.3703125000000001 0.4203125
0 0.39687500000000003 0.3453125000000001 0.378125 0.3453125000000001 0.37812500000000004 0.41875 0.3968750000000001 0.41875
0 0.4953125 0.2968750000000001 0.478125 0.2968750000000001 0.478125 0.37187500000000007 0.4953125 0.37187500000000007
0 0.5515625 0.2968750000000001 0.534375 0.2968750000000001 0.534375 0.36406250000000007 0.5515625 0.36406250000000007
0 0.5703125 0.3031250000000001 0.5578125 0.3031250000000001 0.5578125 0.3656250000000001 0.5703125 0.3656250000000001
0 0.6375 0.2984375000000001 0.6234375 0.2984375000000001 0.6234375 0.37187500000000007 0.6375 0.37187500000000007
0 0.7046875 0.3000000000000001 0.6859375 0.3000000000000001 0.6859375 0.3609375000000001 0.7046875 0.3609375000000001
0 0.7109375 0.3031250000000001 0.696875 0.3031250000000001 0.696875 0.3578125000000001 0.7109375 0.3578125000000001